(defvar *ponderaciones* '((0.944592796604824 0.7349278493680679 0.4388301071460091 0.3096795493784812 0.35653228443488283 0.15619692226164206)(0.13874871100343578 0.695719612302921 0.20122815137061878 0.23668907431019537 0.8307767063569355 0.05839496198898719)))		0.838

(defvar *ponderaciones* '((0.980826372418081 0.8505425795798259 0.48363296605528605 0.5690096604125452 0.3154677499831454 0.23107209284350716)(0.7571158392779131 0.4519633371976223 0.6093958060318874 0.43602978217198773 0.051372651833676786 0.647969861104042)))		0.794

(defvar *ponderaciones* '((0.812680025980594 0.4089191294031662 0.522048569283151 0.5585518497164488 0.29564118276024 0.2124831889269374)(0.6495333444081723 0.8909821670740965 0.6081440838168897 0.8814577844825638 0.9601284076334637 0.5746807648120076)))		0.754

(defvar *ponderaciones* '((0.6107521916680172 0.5795296631317479 0.7993516704070891 0.5159171257908188 0.00940948087678295 0.31303741799023765)(0.2991876553769368 0.32727502629433836 0.7980804401668639 0.7443733356732783 0.06883875834198572 0.19841680377087112)))		0.747

(defvar *ponderaciones* '((0.392215413920303 0.9011295767929484 0.005369123665600606 0.09636013448599257 0.0031680547443178053 0.9616079517800952)(0.4880705157222718 0.7264422545582861 0.32134838092505613 0.9942442250019706 0.41767686837025864 0.8892062901387381)))		0.714

(defvar *ponderaciones* '((0.20009484112884768 0.7318425767460934 0.18234993994822568 0.20118663665758374 0.04961048417025926 0.8979944941187901)(0.5125004713570488 0.2199843946365555 0.9488730739544335 0.7909259082137748 0.1790781378531887 0.319212543996075)))		0.713

(defvar *ponderaciones* '((0.9087599403839335 0.514707625579646 0.3146857920543956 0.0850778799538372 0.42283052051483083 0.06393313290411118)(0.2522200749506047 0.10269348500186593 0.6342110553354413 0.3457300786829681 0.9133187488764739 0.01865552268530546)))		0.721

(defvar *ponderaciones* '((0.7851846680472715 0.6277749025648333 0.5605829768910074 0.09317656898557469 0.23771671389018012 0.1212794080676538)(0.18565969158271534 0.14521407270410336 0.2312292286197083 0.05642761375845373 0.2946958159436466 0.8335474857420745)))		0.714

(defvar *ponderaciones* '((0.7113682178105472 0.28405900911004023 0.8392906520741767 0.4183792080172465 0.043247993644057625 0.07547946991983501)(0.7411761530212564 0.06940538606157842 0.4539734948485564 0.8357970964958638 0.2939966259576112 0.4616110919298362)))		0.722

(defvar *ponderaciones* '((0.6592453797303841 0.8810271688173319 0.35004175112147984 0.21578764630621894 0.9006891640992118 0.017917396143915187)(0.10186661857436152 0.6302430115657186 0.18304595360801834 0.3566184636546501 0.07952145820872814 0.5779876474937016)))		0.737

(defvar *ponderaciones* '((0.9380515139862083 0.8143985504527389 0.4145220036015329 0.16634396595585998 0.5069250650416908 0.26724278232477305)(0.12107204262704663 0.8795113230658513 0.8892861493631542 0.5591414608565664 0.09790061345965784 0.01828848088249757)))		0.701

(defvar *ponderaciones* '((0.8072924201404087 0.878985526849326 0.7719316716854548 0.5790559530622474 0.10582297616014769 0.11830617622999251)(0.765207402010667 0.6814996538938483 0.9456880151625751 0.3909460349257591 0.18815953593177182 0.08229228467215721)))		0.775

(defvar *ponderaciones* '((0.9862046431755279 0.8496898482933409 0.867294128236465 0.7589383388627493 0.19695641296953847 0.176551915136532)(0.28690399236595676 0.6294706998533245 0.9497701521692762 0.66677298439839 0.8159564140401381 0.1256918798949589)))		0.796

(defvar *ponderaciones* '((0.9869132246183984 0.762670729288989 0.6581440995627522 0.5472621091351575 0.3038890847467789 0.3874128838531129)(0.7942448973804156 0.28598982701907305 0.6257333292660162 0.09511371782416722 0.11127146689510159 0.6042458768528799)))		0.702

(defvar *ponderaciones* '((0.8525470228752924 0.7911866512885465 0.5752174586177562 0.31836285638358686 0.31700557853779276 0.916342860370041)(0.6589623203928083 0.2939065955060599 0.42173029803290685 0.12685308319128652 0.7742863897642125 0.22702725438139804)))		0.733

(defvar *ponderaciones* '((0.7390402848628218 0.6425959544665613 0.5663797026664823 0.4831274554398678 0.287569915540717 0.0546764161205876)(0.6341975288220633 0.8852642870161969 0.08849142788793107 0.6543640703062216 0.7304996759385726 0.7925275161085981)))		0.804

(defvar *ponderaciones* '((0.9291093338441512 0.9650536494995493 0.2974106723959431 0.730932549399388 0.06875595125860945 0.04570010960986559)(0.7162825911050373 0.6217578462743806 0.880277214924633 0.549338771042794 0.053274032442949704 0.3957867557759762)))		0.763

(defvar *ponderaciones* '((0.831629116493427 0.8836971215537259 0.893203859869799 0.6058845480809013 0.5251710023466021 0.4581183648051157)(0.5221476848981912 0.9798438486098466 0.9404388379891709 0.4267019296470661 0.12877363181416523 0.3943348473947448)))		0.759

(defvar *ponderaciones* '((0.9254731493199172 0.8350293414125115 0.6731798988697302 0.43841483867321707 0.5585251053544642 0.722120847517427)(0.9987220665808275 0.5619564754409337 0.21815685704189147 0.15882271612359333 0.9233842575899627 0.09642576425269345)))		0.728

(defvar *ponderaciones* '((0.4139969864715608 0.5899809994853883 0.5683704574606291 0.13582778023038833 0.04753020723127077 0.8585827719125714)(0.30651099319551145 0.5315610956014414 0.06044203907023871 0.2043980341767938 0.6519072753432351 0.06429731774418523)))		0.731

(defvar *ponderaciones* '((0.6824154282962717 0.9711486777627248 0.5804658377598589 0.3726160032884601 0.07964852724980453 0.9975466812518159)(0.44198444015935645 0.1654946957500003 0.2478468626312349 0.9642766309735161 0.6639274614545413 0.1504658540863426)))		0.718

(defvar *ponderaciones* '((0.35672908339330167 0.16285338232551383 0.20378872540314108 0.18129770633784947 0.11361111555855652 0.6694570996919)(0.35675007225812705 0.13960310033850398 0.5862927724049988 0.004414351782687453 0.2693652569621203 0.5169130108843417)))		0.701

(defvar *ponderaciones* '((0.9669522155414848 0.9287444999720158 0.8012245225918627 0.7121338989966687 0.4456453871189119 0.08789579381506996)(0.4994613876925599 0.6355206231292545 0.5195116712962098 0.009965498154178465 0.13308558448198526 0.08980884628736308)))		0.707

(defvar *ponderaciones* '((0.632464994088983 0.5664383676062709 0.502474408144641 0.46310957589604895 0.4353837904684843 0.1626672122291566)(0.9101506848262486 0.7490540399955045 0.896679949688917 0.8952234834746168 0.42755218052633115 0.6447749952664423)))		0.798

(defvar *ponderaciones* '((0.938998354586195 0.48733684564397683 0.6167716368667461 0.3687616973709421 0.25087734807039497 0.24651877581785975)(0.49769128867662626 0.408688077932706 0.5163382533119052 0.669484072160339 0.6881456092523202 0.4925993250023373)))		0.803

(defvar *ponderaciones* '((0.8291026295310766 0.34539631240478563 0.5784611331962967 0.14517873521496172 0.5307416521942876 0.22170394775686253)(0.37390819533072417 0.950975700119811 0.35994466152744353 0.7723273639318048 0.9138605298046586 0.7403437244139478)))		0.705

(defvar *ponderaciones* '((0.47712892572687216 0.453172714080082 0.30277558400478954 0.758420581131276 0.1329954449295353 0.06468401622915143)(0.4895689312122212 0.5973136420635647 0.5566230276512514 0.9620922671610747 0.5585783788893309 0.4316458140660151)))		0.736

(defvar *ponderaciones* '((0.6784316926836164 0.3564044412859084 0.16656763000251673 0.32400353400205095 0.2204614353306853 0.7479347215080573)(0.8280788931199469 0.9328479265123378 0.018374655089542835 0.32317829430246225 0.4797413896831747 0.19662675809632268)))		0.713

(defvar *ponderaciones* '((0.7438249989054468 0.579815835024754 0.7155872021865488 0.3112911577435121 0.23441055509071385 0.12925977555085588)(0.7574991028177229 0.7234546804596358 0.7751555376124442 0.2774465542476464 0.8086462130779489 0.19534583196103295)))		0.739

(defvar *ponderaciones* '((0.8881547487171059 0.625941432143036 0.04581372657137639 0.1939254128900867 0.169474523235143 0.03651247691827886)(0.7813781838779474 0.09521138289725906 0.1633217166053864 0.9975970901475125 0.10803258751506017 0.853313068744661)))		0.814

(defvar *ponderaciones* '((0.7312297208916136 0.8148879100543145 0.28001797178560195 0.1533603753994155 0.24434397536776697 0.9606812139245426)(0.3582744998062839 0.10498191587777939 0.31627856192336135 0.7533863679003734 0.5852982324949271 0.22032859796035886)))		0.747

(defvar *ponderaciones* '((0.8451338037772854 0.8934610375483252 0.2621746092201124 0.347619920283717 0.4020116654244814 0.056604100891803566)(0.7606766406666899 0.6515809039650458 0.1263296505011985 0.3120118747763223 0.09586657013650657 0.22047888315424224)))		0.738

(defvar *ponderaciones* '((0.8104267468499344 0.6995209321018968 0.43235455757109265 0.5001710421991706 0.4088455840198779 0.19781919281027305)(0.7671495331386006 0.425772985484154 0.43524913551213706 0.1296231268973721 0.6355918127942011 0.4679242248630322)))		0.748

(defvar *ponderaciones* '((0.5014587007492826 0.9744325297921129 0.7716353732528339 0.3471706218470374 0.15684813551449195 0.01067969920984968)(0.4264674992540193 0.9047833616729483 0.9294541637701239 0.21822912845927267 0.20565453487722185 0.5820201496604225)))		0.772

(defvar *ponderaciones* '((0.8459094381012195 0.6079665822632782 0.9222985594245795 0.2790956203951548 0.011336175773720703 0.21001634843663475)(0.01115508917408492 0.13956303060219588 0.3793909683416399 0.05469487426122821 0.5099699763609976 0.9711141426288443)))		0.741

(defvar *ponderaciones* '((0.9736988662343876 0.8624705560173482 0.9260144577521234 0.4553834809672229 0.10930747428597676 0.20227946750631132)(0.47409253717793076 0.8526842447140763 0.76628056952223 0.3909848304048499 0.5887550596611588 0.8865743105284034)))		0.734

(defvar *ponderaciones* '((0.9734161589020058 0.44691254769722843 0.36154755517461434 0.026337561144415877 0.7302173918150182 0.028879256166331135)(0.3107337171161859 0.9877730431077337 0.7326754146797481 0.266180500126339 0.9657802889015278 0.12080841710052392)))		0.705

(defvar *ponderaciones* '((0.7777869100206241 0.7589908410025904 0.6697880175171979 0.019526931923995128 0.1796614422558479 0.046890483705525954)(0.37413451872261405 0.34366111642068997 0.8443727446777451 0.6824882765749818 0.45907843712951646 0.3115841502343466)))		0.77

(defvar *ponderaciones* '((0.9244566451879872 0.6931520652591733 0.7435574989979187 0.38258143373661635 0.2505088758418451 0.06271755697198456)(0.30899703962780967 0.8477623093061009 0.38878684646834794 0.9341876103258876 0.9820518261050319 0.2775495685552688)))		0.85

(defvar *ponderaciones* '((0.793237635823419 0.5900521775425839 0.3167383124106615 0.5529275096632438 0.20104997470105168 0.09457847111573947)(0.9645763967988943 0.8349379536351789 0.46761195073775275 0.8013117184839188 0.1574839622264168 0.021437442778302396)))		0.833

(defvar *ponderaciones* '((0.7731959124218685 0.8079723274449823 0.06059385035064435 0.23757433753599422 0.12246631570432853 0.11742312810323263)(0.974228444896538 0.04835265080357831 0.8227290953909483 0.779125047344107 0.2479728349222159 0.4402882732586987)))		0.745

(defvar *ponderaciones* '((0.9008061262085416 0.8746083050348846 0.793601165554872 0.6114519303310293 0.565221433912158 0.47645928029288664)(0.8816113507547486 0.8090736467214045 0.9402313063353862 0.7213458118570464 0.0736972308599726 0.39212006140139455)))		0.748

(defvar *ponderaciones* '((0.8251090454811968 0.5270095963152286 0.8049099722888327 0.23656543249346063 0.15625632612820695 0.13081642455197418)(0.8861315341763716 0.5191144195209477 0.422778573831167 0.3056569273354788 0.9372794734946605 0.5300232104916214)))		0.796

(defvar *ponderaciones* '((0.5545067693728754 0.16777932242134586 0.10783625637316951 0.08862536474926808 0.1289106704441102 0.10204936033206957)(0.34845042612797406 0.9721300249772916 0.5368307996444828 0.5874895914749237 0.6308535886908438 0.9920127518111911)))		0.836

(defvar *ponderaciones* '((0.8208221171369381 0.7286365015011861 0.5555403258364567 0.16904165666223148 0.056141885445524675 0.8446680412995373)(0.52483585318797 0.3294406644989152 0.46854653467464225 0.3035519431543541 0.9063921058453193 0.9987394061636041)))		0.701

(defvar *ponderaciones* '((0.9237207653471816 0.9428916246083348 0.12777245012160177 0.18241157264472707 0.16076137914666655 0.01837229514013805)(0.9203652086012336 0.5308386554825445 0.7112062436994092 0.7782377523200024 0.8787220227659346 0.9429815121956855)))		0.809

(defvar *ponderaciones* '((0.6495262151787652 0.4358374979319318 0.38477505029748904 0.3842274561983875 0.19651627971524888 0.28631202413828016)(0.29685059801360647 0.6768721901467357 0.9356858549857444 0.12539901687835375 0.7108943452170473 0.17626357909708168)))		0.758

(defvar *ponderaciones* '((0.7084679356541034 0.47043855751049346 0.3597221923935595 0.34433747014804494 0.13945307296447174 0.860994474293171)(0.7623520241901415 0.731067949721905 0.4481124042037843 0.3274836056311523 0.11853425958035901 0.5769550065885792)))		0.744

(defvar *ponderaciones* '((0.6778869953119815 0.4992150518652745 0.39243998508530076 0.2969712014152305 0.45032064411128303 0.36332189458638897)(0.7165614245347434 0.8357682384233382 0.9609247814750089 0.6276503849338326 0.11146489675741766 0.35259138671238144)))		0.746

(defvar *ponderaciones* '((0.8816896809164707 0.7662485324499831 0.29938667324637014 0.21942293363749077 0.05920249360644669 0.11191100588097846)(0.7839641476128036 0.7564094242097745 0.9663409048944855 0.2880103487287179 0.28831570493887615 0.5608854493626968)))		0.775

(defvar *ponderaciones* '((0.5627626394701583 0.5465979723080384 0.9544011462572848 0.07553471153931868 0.17387463881394072 0.1556729941236179)(0.7193946991580125 0.6249181890276914 0.46125094233215413 0.7342440513545908 0.7693599143818347 0.17653215633694974)))		0.741

(defvar *ponderaciones* '((0.730973985734917 0.5419264443537882 0.3446848633218593 0.02161826714995152 0.7739523575620044 0.23334988869030338)(0.24551142269222903 0.1642871591975782 0.719247215718942 0.9834966815160743 0.7782775987592802 0.38545309905592384)))		0.722

(defvar *ponderaciones* '((0.25951287759001374 0.9702660798907832 0.36004777749601313 0.2370541483980213 0.16502634422806395 0.9756226352363608)(0.5774726705364118 0.05172994050748092 0.6170217220571123 0.8974635745152555 0.5552337396519957 0.8787649976080545)))		0.705

(defvar *ponderaciones* '((0.6442160103591869 0.35966040633470486 0.3042650159745732 0.13997180884674632 0.00016451802040418073 0.7479861075804297)(0.7913982179534333 0.4290932502737087 0.5430717635622272 0.2155848579566878 0.8103144688154899 0.4414978805028398)))		0.71

(defvar *ponderaciones* '((0.6493959387489124 0.6743955363775298 0.6678978279957071 0.31474139795477296 0.07889598779322915 0.21843732829011775)(0.497171365864405 0.007284735353251803 0.5676400405984823 0.7741516906382514 0.9549279090795136 0.3953463795307628)))		0.745

(defvar *ponderaciones* '((0.9074944499715978 0.6903811480973013 0.6200414066269405 0.4243987279060295 0.3820661688428031 0.02312043227122529)(0.5423482145905377 0.49792658837169823 0.09069161255728109 0.08613367806906724 0.9597492649357041 0.16493797828343493)))		0.736

(defvar *ponderaciones* '((0.9670515412716447 0.5805764120828459 0.7480090505648875 0.1983231066808384 0.30446697479803864 0.010441161410567612)(0.983436248317152 0.8234923712342681 0.8141205096760324 0.7079315569911692 0.24213542099725516 0.0880855062365723)))		0.814

(defvar *ponderaciones* '((0.9147171746535305 0.9673017298099357 0.6983271803345067 0.21659937610889612 0.6058308596087502 0.02681410298916087)(0.8578262795851388 0.8943989848778084 0.7243643945129884 0.9846464435377695 0.5632529434443702 0.0911614809515322)))		0.739

(defvar *ponderaciones* '((0.558975425030787 0.5731119078709794 0.7736951363604083 0.5410412064277705 0.2725275590342511 0.04975511346793138)(0.8724349636907114 0.6891217710554111 0.39664888409013777 0.757906944846421 0.921105513502278 0.8156390493112694)))		0.735

(defvar *ponderaciones* '((0.6594143761474379 0.9118751707540351 0.2984704751648606 0.14092676504332824 0.05865717031001827 0.35672216555931036)(0.08960861190258074 0.3880158218064773 0.2916623512431469 0.9199917135016431 0.8018229453051126 0.020194852203908376)))		0.709

(defvar *ponderaciones* '((0.9378817373496137 0.21793350770480402 0.7605435468614373 0.25773868466391925 0.15417030259888687 0.8655565474956386)(0.8340587433702097 0.4540470085643056 0.12554155299224523 0.00541654567403449 0.18799367486393348 0.4185741249657928)))		0.716

(defvar *ponderaciones* '((0.814905407599917 0.32307075510803074 0.6745366888824914 0.32617924343916815 0.25025613433000493 0.27631063544009327)(0.4228842017604304 0.7917823685526847 0.3847567509108416 0.7132394377651553 0.02271528849092752 0.9550432281050053)))		0.716

(defvar *ponderaciones* '((0.40164141928080255 0.5570603332135011 0.4332797291311462 0.6207395136073471 0.2465038421507788 0.14586542920979506)(0.6960004455726171 0.907833088119243 0.7708112197629838 0.9772066468296026 0.3348316597858224 0.9684164864284256)))		0.727

(defvar *ponderaciones* '((0.5003243679648587 0.3541725986393658 0.265027307871589 0.055255347701666735 0.003584939100869877 0.05445383002141557)(0.4684020459019367 0.34593156620750076 0.19300529968075464 0.6252592566230863 0.5107964391193652 0.29345178832926844)))		0.763

(defvar *ponderaciones* '((0.4371212769666739 0.2795151325049373 0.554508836810585 0.36940120356569484 0.08987451198552399 0.02939028347209871)(0.26290326860673885 0.8293551325849075 0.6267998201437056 0.0207683747168107 0.9754875758653153 0.9908660727380418)))		0.82

(defvar *ponderaciones* '((0.6386021443915548 0.6311525536156736 0.5651052860041941 0.11408904100199135 0.043844830695617065 0.06796246813024287)(0.22664496298002346 0.7242341902060546 0.7803056995497786 0.8076256908048619 0.2137285895223101 0.2272512454218033)))		0.8

(defvar *ponderaciones* '((0.8431493627797465 0.696060263339142 0.3867630328382039 0.6227332556727599 0.1489335051898485 0.10482023540624152)(0.5809088679475787 0.7603342455404235 0.38945674686922716 0.5369511414794712 0.40268597707505827 0.6360810369132618)))		0.74

(defvar *ponderaciones* '((0.8371220010204491 0.9195150270560405 0.6345022722868705 0.8969086736638268 0.10668558630337621 0.07738338143223111)(0.9447190785243313 0.9116918481237345 0.574395553999186 0.379694420928558 0.4024058068710865 0.07979294945216286)))		0.705

(defvar *ponderaciones* '((0.5999879087952956 0.5802598186733943 0.3440448418674177 0.4754483067848486 0.25974615327667294 0.11865986951107199)(0.5252230692594574 0.767299936119082 0.012006765464865343 0.5617031614887148 0.13708720916958228 0.8547502083995064)))		0.8

(defvar *ponderaciones* '((0.23236745115476853 0.6498666294621115 0.18031253433723793 0.15921351419003904 0.0903055938364864 0.01393897396361976)(0.13742879976042055 0.45828128915695643 0.8881866468844994 0.1542267296095582 0.07139814257562727 0.6400421873797878)))		0.794

(defvar *ponderaciones* '((0.5340157707158212 0.4160632591935315 0.33101500716756405 0.10297946337185782 0.36182992881772735 0.24202103975592038)(0.274177431972111 0.9041565300251311 0.03743318695742892 0.9694239498781387 0.2078490640852364 0.1003726134779126)))		0.742

(defvar *ponderaciones* '((0.8097071771419314 0.4938801157676306 0.1957978421698151 0.2661850642429988 0.32493762395947845 0.10746479811250131)(0.22068047984135886 0.27881714317343587 0.8681202500387418 0.33790001818845417 0.34520477306185804 0.7564637392080074)))		0.741

(defvar *ponderaciones* '((0.8741434750436292 0.791085240323438 0.654088890335045 0.652201700698555 0.1816887029266926 0.41843972200582213)(0.8072216047095169 0.6962457633628858 0.8687496948303743 0.8504570058509604 0.07028662927954787 0.9165975245234652)))		0.717

(defvar *ponderaciones* '((0.7390534391177072 0.8806851557492503 0.37764403636151755 0.7135003535128619 0.20340483632060258 0.1907324782266886)(0.9539829131940816 0.8110084608375063 0.18987192427776534 0.56667342859178 0.47811566254195503 0.947140529073961)))		0.785

(defvar *ponderaciones* '((0.6089938316630702 0.5619388227830963 0.42229559954750107 0.2694883934580291 0.04697519901582281 0.6972460644373554)(0.7068271179754536 0.24208560948914326 0.1841205737384266 0.06803644313063517 0.359694369845977 0.8915253827683794)))		0.704

(defvar *ponderaciones* '((0.828978262072438 0.3866725288168652 0.6578950891295239 0.44603143842359505 0.14331266569517298 0.013126758254685678)(0.05939471492488335 0.6278644778568474 0.07475082094537289 0.1282795699098993 0.6523524986143541 0.3594708922852432)))		0.764

(defvar *ponderaciones* '((0.2510661802390256 0.42828442801799804 0.4057040988219295 0.2114530407730465 0.1057014493177848 0.0070566930487836466)(0.720137237283403 0.13225632896786788 0.7614509360571551 0.35791178364572607 0.9141408460366458 0.8892449640673622)))		0.84

(defvar *ponderaciones* '((0.6183850500578097 0.07619731461496371 0.38812245222509734 0.2757847302827382 0.28624678308383145 0.8314810254176096)(0.869185167782763 0.3488149864894985 0.14775491389998474 0.15941910880213261 0.8200975072636332 0.32831966300892257)))		0.702

(defvar *ponderaciones* '((0.08978991160688066 0.39878832469424186 0.36166587063189337 0.38008317432951677 0.14824516705777968 0.04746178523545619)(0.9507423552809241 0.5716350557320852 0.25949828594135393 0.6168017729208166 0.6833217023364687 0.7561544070893021)))		0.707

(defvar *ponderaciones* '((0.4763356558963707 0.3745435201076449 0.5438840284784816 0.20670674494982133 0.07073465143588187 0.824317591996562)(0.5323013587721855 0.6107348424291138 0.057258657724787 0.1594623764507409 0.013536903477157303 0.2162916495109508)))		0.713

(defvar *ponderaciones* '((0.8107504428912098 0.8305396622069322 0.35785115206439755 0.037824000210702535 0.40207989438966063 0.12804217357023018)(0.9967826006574335 0.45737642747963114 0.21092490093364757 0.728498041446083 0.5358477767526089 0.9626412696341877)))		0.773

(defvar *ponderaciones* '((0.8668132121319658 0.790584280901761 0.2397262718100639 0.15954264546498154 0.5562836631433803 0.12715181566140488)(0.3375751007634653 0.8630491894812523 0.525350116585615 0.07435722996802252 0.4386640044476843 0.9975255298008805)))		0.705

(defvar *ponderaciones* '((0.7580661222679381 0.8188571559899155 0.9388628161917911 0.13672408168980998 0.1080126989142125 0.19233733142016862)(0.3248804337358975 0.7979688701756354 0.00023883001413738114 0.5986949785273806 0.6048123244300543 0.7904637827837817)))		0.707

(defvar *ponderaciones* '((0.6638728494449764 0.5483073726385999 0.8594186129832957 0.15974901574300893 0.18562375280994448 0.18482381735871978)(0.29351970351262235 0.6864159336506928 0.15650341262046819 0.31693733934829427 0.7279076863012425 0.5074827826757268)))		0.736

(defvar *ponderaciones* '((0.9233868740493538 0.2973936544008454 0.6168416570739671 0.23422050117056326 0.3409262624139252 0.1432859557791768)(0.4630637947542722 0.852599345069024 0.47644462573475865 0.9762556014648217 0.22835501371634148 0.7588371322046674)))		0.719

(defvar *ponderaciones* '((0.599107392706481 0.8333186242425061 0.2601507008105095 0.2537260398530006 0.3764431810203581 0.009006366061665716)(0.10658607824609645 0.3922849332707733 0.1250006069619083 0.9714114349726418 0.24281100106808784 0.1762281692942057)))		0.713

(defvar *ponderaciones* '((0.573636819118208 0.8559465396673474 0.48941309686468826 0.15721206153398037 0.17790957363149318 0.1730894276509738)(0.12161147464092159 0.9092460821815372 0.9117990564053987 0.9908303277966723 0.7831816113604585 0.8567198208606427)))		0.762

(defvar *ponderaciones* '((0.6687144111956468 0.507323358605107 0.23203801668937418 0.48063273333701406 0.1493517874952507 0.011502728950765095)(0.21806149248169637 0.801718220307552 0.5489732889374427 0.12687411046039077 0.12970902904278758 0.7364004605157142)))		0.791

(defvar *ponderaciones* '((0.7252626874389129 0.8505533102055823 0.8926486371256436 0.5445484806730785 0.08018695449521773 0.021310757727240892)(0.850734685806623 0.8579563214430285 0.08026827326061992 0.9655808240548726 0.8524383706415188 0.43624311710386054)))		0.765

(defvar *ponderaciones* '((0.99591100681163 0.4484357592021585 0.8532110131109664 0.2636767998769801 0.21725167503736953 0.2302156110565865)(0.8551245063027767 0.4734864967254704 0.9544510331772338 0.09994023433224464 0.2828979926611388 0.0237375752896839)))		0.755

(defvar *ponderaciones* '((0.8003956590543675 0.5053145322701608 0.3249162546732507 0.17881798090231005 0.1046039938728277 0.1990509508677577)(0.7265423041256706 0.6105160204844574 0.10547886264247441 0.10661109058838958 0.9734262840208745 0.092104993459308)))		0.775

(defvar *ponderaciones* '((0.7403278848240241 0.938664387507147 0.7263185066558748 0.6088749491954402 0.33510663554869835 0.37788129728359865)(0.9841968889888851 0.954506558358301 0.499144053995663 0.7296498814901585 0.2507665651741138 0.47146493293609004)))		0.703

(defvar *ponderaciones* '((0.8488121910876818 0.7709494213065844 0.8499056651674475 0.06652260359069495 0.0696276529984533 0.008736186572777749)(0.5459957278339316 0.7662611477596638 0.3708242190467048 0.45548840292669723 0.6758851958946521 0.19230710896612868)))		0.749

(defvar *ponderaciones* '((0.8597017794449111 0.9900714697944393 0.169567073853653 0.31517945643474676 0.3459609442472391 0.02119115834976104)(0.6090329807740842 0.7350721396384066 0.08654113894479587 0.7139707477157956 0.5973903603094566 0.148041743616378)))		0.747

(defvar *ponderaciones* '((0.78600833498273 0.14828668934999256 0.6078968459859911 0.36447972896991165 0.08375167819109974 0.0014719585157800807)(0.537496886506233 0.3294438900905713 0.25127972350111427 0.998863747941623 0.016756677704009904 0.738372062221363)))		0.784

(defvar *ponderaciones* '((0.9266943854845165 0.5824572973590543 0.0076888826706502655 0.1145102517741492 0.048694063180721114 0.0023492004526195487)(0.01638638959138894 0.6990173710366768 0.688741690096616 0.7631014211693712 0.7226444933268606 0.010315793627031167)))		0.908

(defvar *ponderaciones* '((0.8884083130746623 0.78100124604745 0.39838972224870106 0.07670280350244918 0.059629554724851985 0.35582112227736695)(0.3905031734339355 0.7548403506086924 0.278687045366504 0.7154246619448955 0.0629826903671401 0.9414176902961308)))		0.72

