(defvar *ponderations* '((0.3432835448690331 0.7575284083347917 0.19078143294401895 0.0680416989042365 0.11517245272975074 0.05797576603918586)(0.11369101344285482 0.5740444497620507 0.3365265917030874 0.20104415367113104 0.553201083444334 0.32050689209574257)))		0.845

(defvar *ponderations* '((0.5098932080095235 0.8206507912595431 0.5529299129780814 0.2109877733976342 0.18158771875520208 0.04246993716305225)(0.6664941548834178 0.37044046415954346 0.26106384900440305 0.35451041209105894 0.04340158343578027 0.5673059977152)))		0.815

(defvar *ponderations* '((0.9493683291601163 0.7226817288991839 0.7978314586999938 0.7613512643719148 0.19163400469356673 0.12363592530285816)(0.014403086473109283 0.14400256547326828 0.9564204472227973 0.9452420419836667 0.17582236374263838 0.1729810532307705)))		0.82

(defvar *ponderations* '((0.4741690607068183 0.592241775135295 0.24158948964351545 0.1618495726520609 0.05830353101034591 0.04714722656647086)(0.580333366911265 0.6543803534818469 0.8387599343670858 0.09125952622788203 0.47705437659159167 0.518905246615353)))		0.81

(defvar *ponderations* '((0.7134923568727906 0.7912116759931406 0.06932123082086061 0.6759183924795584 0.17618826992727377 0.07837753102916922)(0.03987362330911837 0.9874181405392751 0.9878226877597572 0.3960137847163584 0.9096810257941587 0.3453396257111525)))		0.805

(defvar *ponderations* '((0.4725780288625071 0.7779916744680828 0.31716028169289223 0.20855088018545676 0.20707437747018698 0.09859977653244545)(0.39124711744576957 0.8988823405056647 0.973675398554397 0.6274984421059115 0.002517803623121928 0.27717334799285454)))		0.87

(defvar *ponderations* '((0.6478336412056288 0.40060041256750056 0.15233435609754653 0.3451361296479193 0.05496336268946689 0.06319164400588317)(0.609303433607177 0.8332884797708682 0.8711838943909204 0.6929940863819628 0.5125363563513301 0.17204952159463227)))		0.835

(defvar *ponderations* '((0.8461921858963879 0.1504373782105387 0.5628042392343752 0.36408894546983406 0.1645765758898322 0.13323708101364917)(0.47981683702936206 0.6398054482887265 0.971800570008604 0.677274825486771 0.4021451635944332 0.35913811366225235)))		0.815

(defvar *ponderations* '((0.5623686126940317 0.5988237187195125 0.4194628214309468 0.279918591534293 0.27395061205268056 0.15890124939620076)(0.4929174437951641 0.8724129401856969 0.726710515740449 0.10861237691837422 0.7495657305995697 0.8275467602979488)))		0.835

(defvar *ponderations* '((0.7478989439119982 0.9513525033524377 0.938914260554317 0.2441780335046041 0.23278528588268788 0.07227196193044128)(0.8490283124430196 0.792086132089103 0.430956866915433 0.8626736802760473 0.4012533376559274 0.2845865746570275)))		0.82

(defvar *ponderations* '((0.8286639391164955 0.7624180401263551 0.9462256040105508 0.36043804911686195 0.0495413789764757 0.15710572527294375)(0.08412594838985255 0.9413653962374006 0.5572453228545874 0.7615831867191099 0.04560635938063573 0.6510978895123337)))		0.845

(defvar *ponderations* '((0.5205845457014209 0.49472805235536366 0.7304117007935669 0.2978544475454735 0.18840116863931067 0.043296846267365185)(0.7382347600886491 0.09602015170703238 0.07306051063108587 0.7982245353425876 0.9629115480937979 0.011138908132875103)))		0.85

(defvar *ponderations* '((0.8910517725704031 0.6081529128369547 0.43916404098984174 0.4278253187471571 0.328833054648896 0.1975159229570148)(0.4832425276229606 0.6165334130693232 0.25572533092064953 0.914017249330065 0.44263741861035977 0.4396761921990989)))		0.83

(defvar *ponderations* '((0.781762844892761 0.10513128145999073 0.26804095225199887 0.5851435976453826 0.14922998109102148 0.03029328731052139)(0.9713810174395291 0.9372363790095103 0.8035995794317934 0.313290902759634 0.053936330368439145 0.9251262351828666)))		0.81

(defvar *ponderations* '((0.8023491474847461 0.5932961348532672 0.27025098971087136 0.17356462784557136 0.36286798968493583 0.1558262968361046)(0.753406862321373 0.5970352233286638 0.5479114826101362 0.9817296740462751 0.4260328994146001 0.4006401272156591)))		0.87

(defvar *ponderations* '((0.49093058856297966 0.6162970120354968 0.35546136818578367 0.4921218331065431 0.16240457256413632 0.06932117025843587)(0.09196695409443634 0.5336780775151923 0.40695516919193064 0.36805292690071334 0.8018852101145887 0.5681879940499229)))		0.855

(defvar *ponderations* '((0.8651645024338845 0.6569070930300436 0.0010173217757722952 0.18480732629983387 0.259856521342817 0.03587095677280716)(0.645474580234656 0.9724871815951569 0.2322350809964404 0.6736524593395237 0.1548647822698409 0.26190803519541883)))		0.87

(defvar *ponderations* '((0.8021098540687386 0.8144385148760271 0.3113318398010554 0.597962469485686 0.3256944375733998 0.29677675363961176)(0.8215237089416186 0.5572608247381167 0.8396324629416311 0.7307887376352521 0.8441663060929573 0.31898042474057187)))		0.835

