(defvar *ponderaciones* '((0.9610222396459112 0.9624693797462808 0.7219349801594588 0.4135510915270051 0.1960588645211211 0.09259331308505259)(0.4943551040660318 0.9082824291453766 0.9618915692779038 0.9116895189200229 0.003361288482969016 0.8534677237238536)))		0.839

(defvar *ponderaciones* '((0.9356175927820491 0.5126542023790973 0.49639022261425625 0.34405985887961 0.2981784234187783 0.12330361921737532)(0.08258653154736884 0.7799205174659669 0.35295315806264893 0.8753316473814179 0.91472191387296 0.9324217060302729)))		0.832

(defvar *ponderaciones* '((0.8693078418105105 0.49316770589136494 0.1653689784513631 0.29596100810402537 0.04099484804254572 0.0659028151169595)(0.1570848228188637 0.20253089814903558 0.594851570461908 0.4732247733689021 0.6558899382814387 0.12365681775110837)))		0.821

(defvar *ponderaciones* '((0.47676480279597866 0.42823692552784554 0.3742993345983179 0.30446014259961296 0.15920435345301864 0.14427839342210802)(0.6796549945095457 0.8456162771512302 0.3651415858815027 0.4739807892160566 0.6399414292130899 0.6061284175339988)))		0.851

(defvar *ponderaciones* '((0.9551967455997619 0.7786742788564915 0.4277440976161412 0.040690126708888164 0.2955168402441172 0.2124120012480677)(0.25257004768365543 0.7857131396225023 0.1536530901885652 0.2724860568965748 0.9160654896004826 0.7197705200119388)))		0.854

(defvar *ponderaciones* '((0.8916175866077519 0.8940968435081443 0.2889227457201077 0.024614101587744353 0.23338878218728132 0.02577462688430865)(0.27590997858062716 0.21476747755135372 0.18230236278243173 0.8373229352351138 0.9753794028718275 0.6259842437919889)))		0.855

(defvar *ponderaciones* '((0.9235670045543285 0.6799125596784374 0.4190742485879718 0.5296092816780317 0.0814429699489514 0.10748234538642398)(0.06890765179825264 0.6871929513743549 0.8874541422907753 0.4902096178716402 0.18971596646843114 0.330815588450303)))		0.853

(defvar *ponderaciones* '((0.8913590209775109 0.7710078061712927 0.6054352048211384 0.42650967400265694 0.2595153591842686 0.025429076963807473)(0.08208834902682871 0.8577151596691325 0.8651778928756442 0.30267062064859374 0.9074379147266444 0.13317840549526883)))		0.842

(defvar *ponderaciones* '((0.456866404974422 0.32262363205255884 0.41816506230642214 0.3170723080175969 0.1777549145762366 0.06857612486848774)(0.830880931889088 0.8879914552214567 0.08882693368877026 0.27809428715648665 0.002750758466870451 0.7366683156819533)))		0.828

(defvar *ponderaciones* '((0.8555153200229665 0.8433094191031849 0.3641550274919716 0.4408307284385652 0.2551516007599036 0.12627649850823053)(0.2540183613079061 0.5932407290382748 0.7356755892507857 0.5401465636368762 0.2707264675431962 0.6333581837493901)))		0.845

(defvar *ponderaciones* '((0.6340735863504937 0.8053259222374771 0.10663957243573574 0.23955049701897868 0.03823018847405357 0.028513398844661753)(0.6266739742083751 0.1529436529340773 0.3452512108267678 0.615697453099073 0.7096356382578113 0.633393776128802)))		0.811

(defvar *ponderaciones* '((0.7434608472418391 0.5870319310834184 0.2269298950106038 0.4398547560457424 0.13671339652966397 0.06234936583916806)(0.013197532509455656 0.2606402124717252 0.10132282809298432 0.6973429735718858 0.8818517344449711 0.4091548702889233)))		0.829

(defvar *ponderaciones* '((0.45159270406088614 0.6853894096066071 0.1786986942576213 0.16453804229808322 0.22958394133082793 0.03864314336094232)(0.7170966687311743 0.26374483726461095 0.22715795190806398 0.4816689364327974 0.9243668674625468 0.2944047600782401)))		0.818

(defvar *ponderaciones* '((0.9470987680173522 0.46984143300309744 0.6323576772613748 0.30314512951424866 0.13582329620316336 0.05449998397521849)(0.21935004725753204 0.470804135772097 0.435542330766998 0.6653398182019743 0.8562776252012466 0.05058191083897068)))		0.868

(defvar *ponderaciones* '((0.8432763364739583 0.5623261205676391 0.395906217706518 0.1399957247871466 0.4790765917098795 0.10519557656943623)(0.28142853509864096 0.9568022596483511 0.11562586710883971 0.8629067795280603 0.9894576633911641 0.7307753761814314)))		0.801

(defvar *ponderaciones* '((0.9391147751350233 0.9910338539682462 0.2537436973155365 0.3695027540037966 0.22725029765879512 0.030846279655365794)(0.9739322477930017 0.0019174852389848285 0.07454584730637992 0.5330381839330923 0.8611838310077558 0.1588395834493257)))		0.829

(defvar *ponderaciones* '((0.7759674375750574 0.9269388998983966 0.4354266318834449 0.313929429286106 0.2129278277494503 0.11887750309578216)(0.8807439130794312 0.22682282633752016 0.8077038007408623 0.7410940809853418 0.8636401054867315 0.0668459914112085)))		0.809

(defvar *ponderaciones* '((0.42953459487776036 0.7548258105876295 0.19646874866225894 0.28743864610606895 0.17603882898485979 0.10671576955261097)(0.5695484616710382 0.8648474554681286 0.3207601184625254 0.6620124844629025 0.7954464437813485 0.1301619505584255)))		0.842

(defvar *ponderaciones* '((0.8020525871729797 0.5018321675714958 0.26331611955892653 0.4753903514817287 0.079437238120878 0.016440177462442196)(0.23483567584556342 0.034695467590436624 0.1417744950651565 0.6568573418747891 0.10565991928726437 0.14173484810865167)))		0.872

(defvar *ponderaciones* '((0.9649338897868583 0.6470815786139646 0.48903861107268554 0.3272637202944533 0.2278107736827235 0.20644118005973833)(0.5029841451070088 0.960512019754348 0.3079663628850581 0.911272689599833 0.6044542680363286 0.36932307054033575)))		0.862

(defvar *ponderaciones* '((0.9598683086291033 0.945947750210964 0.4938095142195834 0.15311872339160082 0.27894724392316494 0.2072734978836971)(0.001730720076191239 0.6570074200210185 0.8250205990648752 0.9421297920225978 0.6372135288615126 0.13900940946694873)))		0.89

(defvar *ponderaciones* '((0.9623710999180765 0.7561853256701446 0.21587721038274188 0.6416726090163114 0.08062327892413679 0.0011885057404223964)(0.8873701468132474 0.49838224157851585 0.11835043823170732 0.09787509775511105 0.19858194671533025 0.5683689350579698)))		0.804

(defvar *ponderaciones* '((0.9942359741724993 0.9725543605831531 0.3377410526569117 0.4328470926384378 0.22348734897209166 0.08591515134816619)(0.011835799799246871 0.7027030809274153 0.3310980906249549 0.8133994777049972 0.5422419621532792 0.34981532122933945)))		0.878

(defvar *ponderaciones* '((0.9304233572658674 0.8321071654198391 0.17596110243944696 0.08838070484182892 0.18952826147077761 0.03160889732240124)(0.22193560029872605 0.5422798223845302 0.9023326638422756 0.14861341561879726 0.17246904811489927 0.6419698358324685)))		0.853

(defvar *ponderaciones* '((0.6356113260103726 0.8257089587081881 0.598005127163719 0.35594013246758616 0.07402841020952355 0.01891816865636009)(0.1827664350065742 0.6198625766292013 0.6093636771208543 0.9544935084916273 0.16522311744507756 0.4800143057055757)))		0.843

(defvar *ponderaciones* '((0.8928715474435598 0.5358699741860297 0.6731332210656937 0.3396544442275774 0.20360703092233368 0.0901646065785584)(0.04712296330600674 0.9423527539160763 0.13211831958902487 0.9556273940383525 0.2607054612937526 0.19825079290045922)))		0.879

(defvar *ponderaciones* '((0.9537273198358873 0.5456435451888846 0.4235021904502295 0.32840015004567236 0.14511728168673665 0.1443713544783951)(0.507797335906109 0.94697505681505 0.824159170152388 0.23318223651961945 0.9621622610956888 0.2008712266756486)))		0.831

(defvar *ponderaciones* '((0.6495530170892427 0.5757832171927295 0.8128925272767795 0.5068943203591377 0.2169136786515895 0.08601714103961833)(0.22517920713589967 0.6511754559582881 0.535096091604105 0.8907375225593402 0.9349124164377249 0.13093218090807146)))		0.855

(defvar *ponderaciones* '((0.9234722216490123 0.9922488633231233 0.7218622746852758 0.4231784069041631 0.2664083328595763 0.1568364788026977)(0.15055095184806344 0.3659871904145259 0.7623714401255532 0.2144282364352662 0.43602935715568036 0.6275835060796154)))		0.831

(defvar *ponderaciones* '((0.6143839677945949 0.7340574425115697 0.6546926247965394 0.2027795382555363 0.20860532626408612 0.19306783797768423)(0.7886858284913165 0.54790468078511 0.5074759090418383 0.8921698291334129 0.4717801674671741 0.15597388309460303)))		0.804

(defvar *ponderaciones* '((0.9594644764406605 0.7739640403443342 0.9124642571654725 0.13781448479227132 0.0472840381666807 0.03244491301387542)(0.08442382726062847 0.3570167380014152 0.9775947384171827 0.8926150967046692 0.384418407660035 0.11756419822485442)))		0.825

(defvar *ponderaciones* '((0.33812100632912434 0.8162935781859619 0.38519083196275883 0.2402084218536802 0.09161387585012126 0.041205227821260126)(0.6813712308588841 0.579309226230626 0.07520098426916888 0.39440239380362485 0.8977030283685207 0.10668953081005428)))		0.811

(defvar *ponderaciones* '((0.4412468583527134 0.9105413739970212 0.21800169986956863 0.1150329378991054 0.28789057958439657 0.14315098249122105)(0.9701938163256821 0.9386585010964528 0.14501564567998182 0.5580018474197698 0.6050736359654425 0.41901195197686825)))		0.812

(defvar *ponderaciones* '((0.8821313181392476 0.9112672038821614 0.699236246321141 0.30707207732679653 0.14672194704177532 0.01986320972636879)(0.22517079846863697 0.6105120410454196 0.5431883954401143 0.8039140164454348 0.9019944067642868 0.16905511881315616)))		0.87

(defvar *ponderaciones* '((0.6752583536298105 0.5435477201615284 0.8712674910579854 0.5354824403423974 0.07089643464843765 0.0670270911142209)(0.334678742265324 0.919496780183801 0.6110313741543031 0.07328635313268217 0.7322175091904113 0.08240343464730371)))		0.821

(defvar *ponderaciones* '((0.6756747851335867 0.3186721312332491 0.13622322225291195 0.4216236126113463 0.04358935826025645 0.019020957016144813)(0.8597708876491933 0.7020433033524387 0.5765376539490031 0.17945969082104019 0.3767965528878281 0.9961871225321859)))		0.805

(defvar *ponderaciones* '((0.8934807861503327 0.7641414035404619 0.10485227529101215 0.12205571013182526 0.13454731466749603 0.028306642581152786)(0.003077219038988721 0.09071228265211961 0.898606550925948 0.1284056898992808 0.8070195775966494 0.05016938218449929)))		0.869

(defvar *ponderaciones* '((0.5446008895256401 0.17860956908466297 0.32214930094653016 0.3544121066010797 0.1229598318957913 0.005241829035354306)(0.0731462369044511 0.5531102762745479 0.5489601854759756 0.7947294269222299 0.6606287895224585 0.006078515897650405)))		0.845

(defvar *ponderaciones* '((0.35980636244433184 0.7657071990173024 0.871991537705548 0.19781909815996168 0.11734853318818483 0.09129395221130021)(0.4122347073471342 0.7453449660637291 0.5547104178062918 0.9774282428332134 0.8993843727914614 0.2543830838808142)))		0.818

(defvar *ponderaciones* '((0.728928176390578 0.6047626760755213 0.6200235044268917 0.34054193460471893 0.023324310676672066 0.07548293376585435)(0.17081617615270417 0.4520369554255831 0.7284777909650774 0.44417831841937017 0.36559320459569455 0.9055133342596315)))		0.807

(defvar *ponderaciones* '((0.7403260522797209 0.5134241441917042 0.39735160524408897 0.1123355605044285 0.326429652941023 0.07881541114179014)(0.02924667349844612 0.8872268546627027 0.7678576499887755 0.425194971913353 0.040455098088558294 0.578535896874026)))		0.803

(defvar *ponderaciones* '((0.8221631389025035 0.522983202234678 0.3620266088158244 0.10308975769786455 0.21311587037836266 0.1353022433251282)(0.15615164333660225 0.9987251102471333 0.679094565962381 0.5484284638240955 0.6907274014332025 0.8761315092475321)))		0.819

(defvar *ponderaciones* '((0.9468474631541968 0.9276850027665637 0.2286269953226766 0.1557966464685221 0.08782913040890605 0.17134111933036056)(0.07585976125765781 0.7505100019195332 0.3600531327907912 0.6847977984382501 0.42422329596828845 0.27025198380360227)))		0.863

(defvar *ponderaciones* '((0.9034850224300476 0.34913572326560705 0.32790248898544283 0.4549563728798406 0.22487060772854817 0.020870835959933776)(0.3700676164757547 0.987485038413812 0.9715115532353071 0.6414927270819113 0.8160576872881641 0.7660722119627493)))		0.809

(defvar *ponderaciones* '((0.8497501999475701 0.5956442518003718 0.11657298089540757 0.289133360462261 0.24757184386797004 0.04751476667673371)(0.5764256932495708 0.8351377608293837 0.7767826775082405 0.08726149190822075 0.3459511557820112 0.8913054533116154)))		0.832

(defvar *ponderaciones* '((0.9723977597109363 0.44452948055253017 0.20554404954888017 0.09758306105730352 0.15474417340248814 0.09494660355535656)(0.08617134550863825 0.3088132204562568 0.722217086276184 0.9117644928535078 0.14129226282149665 0.5097053914587034)))		0.86

(defvar *ponderaciones* '((0.8545695167131563 0.8380943571197613 0.4348410857810492 0.29862439002737073 0.3826168857147385 0.2046516234285387)(0.06470626082048425 0.780245562225234 0.555145220813071 0.13742322043607713 0.6164422818394827 0.5340511029670703)))		0.826

(defvar *ponderaciones* '((0.831518539296085 0.7355855649919595 0.35412463317860043 0.6765539862412183 0.3245881251331104 0.11123491134535846)(0.10347361806196254 0.8271969456093053 0.3027142198600158 0.589726828548999 0.0003071892528335729 0.3984324661112908)))		0.805

(defvar *ponderaciones* '((0.8370432688285202 0.8698284161174289 0.7570099331457241 0.5944256441387832 0.15058747290313979 0.1451856874763341)(0.5590172709553116 0.2097202553724855 0.15598951152363005 0.11664802262457863 0.9424004009137117 0.019824746906573543)))		0.816

(defvar *ponderaciones* '((0.7493922536624631 0.6981959639326675 0.5970183231802925 0.5336258463187468 0.07563528160676436 0.04624582019813028)(0.9447721738974525 0.04202570543332107 0.7928512063474816 0.4073285394093985 0.2280873169566755 0.2996445794949817)))		0.812

(defvar *ponderaciones* '((0.781316571212697 0.5675317233816896 0.6092685726502209 0.4150841361651647 0.19688493844349442 0.10750447368712313)(0.8580287972644487 0.6346094882526171 0.04749674676992821 0.9819802152691774 0.020169904810148354 0.9775618901329814)))		0.843

(defvar *ponderaciones* '((0.6666138403660249 0.24332943997348833 0.1408475795059183 0.12443284387717113 0.2869526593027949 0.031205104650901205)(0.5296913301650791 0.44351982150612534 0.6702162164940834 0.9360761359439684 0.21552719521978214 0.669923206509487)))		0.839

(defvar *ponderaciones* '((0.8493639851256468 0.7974234801081443 0.18377357963158036 0.4254494963841303 0.07882090823573307 0.00387553608712099)(0.9473834641349286 0.6217924962240169 0.8762566767963441 0.814656098858057 0.02289660430564444 0.16271330110229842)))		0.827

(defvar *ponderaciones* '((0.8583815906501566 0.6472655973646795 0.7391596897963123 0.5012875739124335 0.0651170647014272 0.04738828041180476)(0.10914203391839061 0.02478320747526952 0.9859828976574619 0.2718180695130499 0.8557064977623637 0.40248032992033667)))		0.84

