(defvar *ponderations* '((0.4306030449046129 0.08998642188462813 0.5666120644988062 0.009500610871207238 0.02198043754615009 0.008441687180968938)(0.8799851730674326 0.9514165565949416 0.2092788014890138 0.11476630614388128 0.23057248623046867 0.01747075728892067)))		0.905

(defvar *ponderations* '((0.7354479691916993 0.9485287443850553 0.6548815153171469 0.02777906036618616 0.36084721060238434 0.9333270352524613)(0.5584775760353653 0.4553997342904942 0.3712561109785488 0.661309009698128 0.13680861152029267 0.9461088678446503)))		0.805

(defvar *ponderations* '((0.7731504969339853 0.7500204417567438 0.7570383688168095 0.49947196703532915 0.3370622977346117 0.9313529171370084)(0.7897737864816713 0.7961320531200353 0.47530275204832484 0.12700459379992313 0.02079174504295389 0.20668693939342286)))		0.805

(defvar *ponderations* '((0.9154482048508679 0.4175740109149273 0.7134018763852459 0.013669579296252454 0.11066159127145136 0.6244331638590059)(0.4662709389381148 0.18918501690510037 0.679345077051977 0.15079452455479614 0.049535566467718284 0.9392466287391955)))		0.805

(defvar *ponderations* '((0.886917615123316 0.5426988770356136 0.7125636601710059 0.9974716127729853 0.08931770521026616 0.03996547129536521)(0.7756589076775534 0.758634154925417 0.23573932284730836 0.04774260556290044 0.3012325401661853 0.03540816140747771)))		0.82

(defvar *ponderations* '((0.4763448648679989 0.4062473596882137 0.6513794784636907 0.45931347119492016 0.027460827065707405 0.9026086471568334)(0.3313967941836875 0.2262469720556718 0.5599587124857961 0.05517619187008649 0.15083237839213637 0.736293232641506)))		0.805

(defvar *ponderations* '((0.13718373750163504 0.13761646949807638 0.30595087621629335 0.10089921612587727 0.08768609482320755 0.6102031476246299)(0.6652438342290028 0.6234056718989356 0.3698478754792388 0.18819165603570398 0.11410417759788871 0.477021729952564)))		0.82

(defvar *ponderations* '((0.5267778036557558 0.27019322998841044 0.2469345215136517 0.14459869141524384 0.018334461284239656 0.920410218594524)(0.8191860148512699 0.46916952621727415 0.16143478707935055 0.010121695501145944 0.08305874953874604 0.7559447110955722)))		0.84

(defvar *ponderations* '((0.5532750003835601 0.5333994414470197 0.37436283892512157 0.2563563445275887 0.09566786715744835 0.9589472438106063)(0.9579687490789274 0.3050265360892658 0.5061660706632787 0.011248463113670781 0.059487490986775304 0.3946508626315639)))		0.85

(defvar *ponderations* '((0.7108920979820832 0.1664305158472703 0.7825170860488457 0.08628699983172705 0.3285648131514318 0.7969221338456606)(0.5562944071508387 0.795569780873846 0.7007439787950831 0.3833138765866799 0.011657709513821723 0.9891304957641339)))		0.81

(defvar *ponderations* '((0.38587809212448165 0.6702937623595329 0.8952736537713394 0.18140278792969344 0.15659256909925767 0.7178722154505238)(0.586770140410311 0.1818383801296165 0.21446159832724 0.16957816797328318 0.01021751562808959 0.4020225775311165)))		0.81

(defvar *ponderations* '((0.8945664275613525 0.3872595977652513 0.26868003252266315 0.40580784510460677 0.005391253999329604 0.8697795857745071)(0.7865243300844803 0.38701373073026335 0.3575324999355445 0.023945140283055943 0.07381194154859105 0.9706756263408965)))		0.845

(defvar *ponderations* '((0.7710484859551593 0.7014231791249168 0.8615756811271433 0.4391305441455037 0.042606188328430994 0.8651723577280082)(0.28186858319411223 0.8096699709410335 0.33942359467158967 0.018089263391072197 0.07971666656254084 0.7514169824451425)))		0.845

(defvar *ponderations* '((0.3697419426781452 0.13580474680727617 0.9079425707071834 0.07436528267128262 0.1874027287083596 0.7760555514152789)(0.824579342633281 0.41447683603743624 0.2003125013225433 0.23000917897263196 0.03225115358854003 0.8536528968460007)))		0.815

(defvar *ponderations* '((0.644087494029498 0.7396542175037283 0.09066990615970949 0.27554154606919035 0.09255988659624081 0.1319831383818285)(0.9889368874936839 0.517726384086317 0.863814669834486 0.7009645116580104 0.3761462147868476 0.03829715553714219)))		0.82

(defvar *ponderations* '((0.7231478398547501 0.8752740435239255 0.798391514732627 0.059099571636293535 0.1601286432574669 0.3758836643138358)(0.7873921356950279 0.3117854000045761 0.42312113774628934 0.8022864986962551 0.39700554350555717 0.9683710698787107)))		0.805

(defvar *ponderations* '((0.6885716983282412 0.4615434609240314 0.42552341205054145 0.20166944135763487 0.11913568651137241 0.9501549379957528)(0.835103713223084 0.9921234214713345 0.9792102743015763 0.33946116645791835 0.09913498146268529 0.4570156178747701)))		0.825

(defvar *ponderations* '((0.33957085392047237 0.7952019742228321 0.25942003383737844 0.07526590315538095 0.11063823070081868 0.8090501951932998)(0.8170838974867455 0.5607322738765206 0.8082813837514794 0.44452891331663613 0.26149884205675733 0.4093426160608271)))		0.825

(defvar *ponderations* '((0.28229413261116676 0.5582375609842306 0.12784073602947976 0.3038276309506144 0.037074584600292004 0.7799119080325742)(0.7957043243517541 0.14872180867321605 0.6420840933135764 0.06265749924663311 0.14426161794360381 0.39432529749186596)))		0.82

(defvar *ponderations* '((0.5216853498636126 0.31821701000816116 0.6983872514366883 0.1643335336679771 0.05057319065208066 0.299851631509476)(0.6872480226199679 0.6236933824961914 0.3130904165276568 0.5212542582175709 0.18086604726452027 0.7087673574976636)))		0.825

