(defvar *ponderaciones* '((0.9943945511339752 0.6263890230891831 0.5380591120147689 0.2153274661719341 0.19438387240613197 0.12717052751380753)(0.9093732518978621 0.23063666161064988 0.29291993181841924 0.7430791809741627 0.78060908695231 0.3579051175522805)))		0.91

(defvar *ponderaciones* '((0.9068849390684273 0.8091881100994631 0.3541476987514376 0.4803992040461208 0.2449889028180624 0.0635658967708932)(0.04482298127677553 0.7331909827703357 0.7643537479250169 0.21368137761211758 0.5095619801962046 0.5817053154341711)))		0.92

(defvar *ponderaciones* '((0.7711890452807111 0.7289637046682529 0.6822883072164541 0.5383486704522743 0.1128224464406089 0.10576143222823509)(0.9021471792429766 0.28560861517553393 0.3806319271304409 0.6976196666901252 0.9482484154311094 0.1669618134255314)))		0.91

(defvar *ponderaciones* '((0.7448799006927869 0.4204580587062341 0.4491830494237199 0.3318398183775595 0.11078153493776399 0.06642884057052567)(0.07177885198002742 0.37697186090365675 0.14077186989117696 0.8137704960870222 0.4979782787535486 0.24192186603043986)))		0.91

(defvar *ponderaciones* '((0.49720460024391844 0.135870308472537 0.13245408333035458 0.02419846346942467 0.06622708165056046 0.04698588862037889)(0.3730765765047501 0.11806609454688366 0.19781846704035433 0.5471836887635595 0.09266727663198238 0.17709471198495874)))		0.905

